0.000000000000000000e+00
1.547802894147020547e+00
2.219222108288636086e+00
2.635033704595157733e+00
2.863002168659225077e+00
3.107008606300490250e+00
3.353636415001697291e+00
3.541892765838440038e+00
3.694333678477038863e+00
3.780259330331442236e+00
3.934423950974599737e+00
4.045671628819881072e+00
4.109464308609150685e+00
4.155718565405787324e+00
4.238475675488055039e+00
4.310679658809022818e+00
4.379183343092481806e+00
4.437634419435085853e+00
4.476172054717921789e+00
4.522585497648384134e+00
4.573156930538043952e+00
4.607790617250102194e+00
4.638923029650094954e+00
4.672835222796964949e+00
4.707703216893600384e+00
4.734448541371589769e+00
4.761727740481051185e+00
4.786404006449331838e+00
4.798892983112577504e+00
4.820172080890974264e+00
4.849139154132939389e+00
4.870539156785855361e+00
4.885003312351991589e+00
4.900369701019485547e+00
4.917685532885192501e+00
4.929663960979128845e+00
4.940208503928805506e+00
4.955355998782571270e+00
4.964514856059800252e+00
4.977502548939301441e+00
4.988973875026550431e+00
4.992938266257737290e+00
4.999781369189499003e+00
5.009634228792944732e+00
5.021456335562124451e+00
5.027803901894022154e+00
5.033820335295176029e+00
5.041084843843689711e+00
5.048558888442972403e+00
5.055479878094073065e+00
5.063704437672136294e+00
5.069050525222773551e+00
5.073100496366406809e+00
5.076646747526308623e+00
5.081039412797655253e+00
5.085501293838995629e+00
5.089798258079710536e+00
5.094397051755311878e+00
5.096618175003104767e+00
5.099455361905603112e+00
5.099867491486311799e+00
5.101688462721923223e+00
5.105288783481419124e+00
5.109159069504274342e+00
5.112045695190392536e+00
5.114347271138804274e+00
5.116160938392394719e+00
5.117584250861833439e+00
5.120672156069979941e+00
5.124869362891544711e+00
5.127267004489836744e+00
5.129301773846191459e+00
5.131885893073609317e+00
5.132925171079718574e+00
5.134632198572382400e+00
5.136699187845958470e+00
5.140013391766997231e+00
5.141874031681247459e+00
5.143479319761775415e+00
5.143871225765895616e+00
5.145712617153055390e+00
5.147837919943845542e+00
5.149123178954087443e+00
5.150149432555112483e+00
5.151564324397384986e+00
5.152828721158477343e+00
5.154817335841723747e+00
5.155959984393722273e+00
5.156926372389226465e+00
5.157892173700198590e+00
5.158850020431439809e+00
5.160351267971650557e+00
5.161527886772569573e+00
5.162472370313611947e+00
5.163115403129899583e+00
5.164306826440280496e+00
5.165341193908903783e+00
5.165791083123038696e+00
5.166276229737224668e+00
5.167084835551161603e+00
5.167962435834537516e+00
5.169011899973404489e+00
5.169087992142136656e+00
5.169014407755494034e+00
5.169840494784291529e+00
5.170352687419608628e+00
5.171220822539431161e+00
5.170959472863683182e+00
5.170885898111572843e+00
5.171602846995861036e+00
5.172260397009980082e+00
5.172282037715940639e+00
