0.000000000000000000e+00
2.071760310000001937e+00
2.338376751900000272e+00
2.401511852399998759e+00
2.394971193600003545e+00
2.472364687900004299e+00
2.488980097499997157e+00
2.535810851899999108e+00
2.525535915899997264e+00
2.590052919899996198e+00
2.711736729600001894e+00
2.791357116399993288e+00
2.771599319900005298e+00
2.761703959999998403e+00
2.835058681599999630e+00
2.924386535900001860e+00
2.958077771899997543e+00
2.952376439999998325e+00
2.937854204399993563e+00
2.959642375099999612e+00
3.025437167599992705e+00
3.027151639899997804e+00
3.066258171099995877e+00
3.075770359899998141e+00
3.122429726400003602e+00
3.142034710000004338e+00
3.116933877500002836e+00
3.162344979099998454e+00
3.181732219899998881e+00
3.227184709999999512e+00
3.210031599600000618e+00
3.227721926399997443e+00
3.244825240000000832e+00
3.249936710000003615e+00
3.263867257599997629e+00
3.304680710000003074e+00
3.320715590400006079e+00
3.328715663600007701e+00
3.327833177500000517e+00
3.349859897600001801e+00
3.374528710399999909e+00
3.382485246399994594e+00
3.406225617600004085e+00
3.428847257600001086e+00
3.454548677500000053e+00
3.476540967899993007e+00
3.481629891100002538e+00
3.529654751599995421e+00
3.537604127099992724e+00
3.546714875100001052e+00
3.564393143099994887e+00
3.586168902399997194e+00
3.593842575599996536e+00
3.583556709999999867e+00
3.598589279599998747e+00
3.605628095099998376e+00
3.606022559999999544e+00
3.618253267100005388e+00
3.619532155100003479e+00
3.630045215900004507e+00
3.636884697499990438e+00
3.640992847599999749e+00
3.649489979100000170e+00
3.659389881599999228e+00
3.666421375099993440e+00
3.677975929600005855e+00
3.682069035899999676e+00
3.684286172399996673e+00
3.700136659899996516e+00
3.718528995099998014e+00
3.728000763100002501e+00
3.728310479099999242e+00
3.736261197500006404e+00
3.746541767900001929e+00
3.752245926399989884e+00
3.758267643100005273e+00
3.768175507900000554e+00
3.774814677500000215e+00
3.780978851099998650e+00
3.778312375900000575e+00
3.784807033599999926e+00
3.791768715900001752e+00
3.795593359600001548e+00
3.801117967900005112e+00
3.805446015599997622e+00
3.808683967100002121e+00
3.821420316400001127e+00
3.828211366399997928e+00
3.832081619099998449e+00
3.834528760000001313e+00
3.837540377600003438e+00
3.845220188399999017e+00
3.855275999999999925e+00
3.859560397500004569e+00
3.860255756399997296e+00
3.867667868399994546e+00
3.875787403900002204e+00
3.880236604399996736e+00
3.883782710000001970e+00
3.889446380400002568e+00
3.893673277499996033e+00
3.898360812399996433e+00
3.900058033600007690e+00
3.902958284400003919e+00
3.907191359999998781e+00
3.911717755099999749e+00
3.912604437500000643e+00
3.911859763099997167e+00
3.915243367900004046e+00
3.920918174399997014e+00
3.925522289599992831e+00
3.924914559100006528e+00
