1.000000000000000000e+00
8.772833333333331929e-01
8.161999999999999256e-01
8.110333333333333838e-01
8.099249999999998950e-01
7.921083333333331922e-01
7.747000000000001663e-01
7.561666666666667647e-01
7.498666666666663483e-01
7.448000000000001286e-01
7.322416666666669016e-01
7.158666666666665401e-01
7.132583333333334386e-01
7.121666666666666146e-01
7.015583333333333949e-01
6.851666666666665906e-01
6.721166666666666956e-01
6.712416666666668474e-01
6.711083333333333067e-01
6.628916666666667679e-01
6.551916666666666167e-01
6.516333333333333977e-01
6.464583333333334680e-01
6.466333333333333933e-01
6.468083333333333185e-01
6.438000000000000389e-01
6.363833333333331899e-01
6.339833333333332321e-01
6.353833333333333000e-01
6.344750000000000112e-01
6.304583333333334538e-01
6.291916666666667046e-01
6.279333333333333433e-01
6.265166666666667217e-01
6.236583333333333146e-01
6.231583333333332586e-01
6.239583333333331705e-01
6.225250000000001060e-01
6.208083333333334064e-01
6.175499999999999323e-01
6.153750000000000053e-01
6.156416666666667536e-01
6.146999999999999131e-01
6.134166666666667211e-01
6.115916666666666446e-01
6.108916666666664996e-01
6.096499999999999142e-01
6.089083333333332737e-01
6.078083333333332838e-01
6.073083333333333389e-01
6.061833333333334073e-01
6.049583333333333757e-01
6.039916666666665934e-01
6.041916666666666824e-01
6.036333333333333551e-01
6.022249999999998993e-01
6.014833333333333698e-01
6.008583333333333831e-01
6.003333333333332744e-01
5.995000000000000329e-01
5.995416666666666394e-01
5.992000000000000659e-01
5.982083333333333419e-01
5.971583333333333465e-01
5.962749999999999995e-01
5.958333333333335480e-01
5.954916666666666414e-01
5.950333333333333030e-01
5.940999999999999615e-01
5.931499999999999551e-01
5.923666666666667080e-01
5.915666666666669071e-01
5.907083333333331687e-01
5.901166666666666227e-01
5.896416666666665085e-01
5.886666666666666714e-01
5.877666666666666595e-01
5.870000000000000773e-01
5.864999999999999103e-01
5.861250000000000071e-01
5.854916666666666325e-01
5.846166666666667844e-01
5.840916666666667867e-01
5.837166666666666615e-01
5.831083333333332286e-01
5.825166666666665716e-01
5.820749999999998980e-01
5.817166666666666597e-01
5.811583333333334433e-01
5.806750000000000522e-01
5.803749999999999742e-01
5.800333333333332897e-01
5.796916666666666051e-01
5.791250000000000009e-01
5.788083333333334801e-01
5.785000000000000142e-01
5.782750000000000945e-01
5.778666666666666396e-01
5.776833333333333265e-01
5.774583333333334068e-01
5.771416666666665529e-01
5.766250000000000542e-01
5.764333333333333531e-01
5.764333333333332421e-01
5.762083333333333224e-01
5.758916666666668016e-01
5.754166666666667984e-01
5.752750000000000918e-01
5.751333333333333853e-01
5.748583333333332490e-01
5.744333333333333513e-01
5.741583333333333261e-01
