0.000000000000000000e+00
1.635327940030644411e+00
2.370832897007971507e+00
2.886867160818959999e+00
3.219121336729759530e+00
3.423363476915951331e+00
3.568759032963440436e+00
3.685820881507594571e+00
3.780015848659785238e+00
3.861889139535723992e+00
3.932146483042266993e+00
4.000565712260454987e+00
4.088320979644456621e+00
4.156241219510788731e+00
4.209244964780077147e+00
4.237766292067505880e+00
4.265671291431605283e+00
4.301782038199442937e+00
4.333142364586030304e+00
4.374433554426883752e+00
4.405956553953594756e+00
4.430350039612998891e+00
4.450883908706545711e+00
4.470387901026825261e+00
4.490803273944511176e+00
4.506601265208955098e+00
4.512411747199719159e+00
4.526898237031947048e+00
4.538843556237476484e+00
4.552614969128046418e+00
4.559669010345547058e+00
4.569807303746679317e+00
4.581238692172468596e+00
4.590817937868910903e+00
4.593626166198270688e+00
4.598745563245888235e+00
4.606912708787370470e+00
4.616395056937923513e+00
4.620950464416967662e+00
4.625186308283554482e+00
4.628989023538294667e+00
4.631955444681556955e+00
4.638297209219188311e+00
4.643419428694226525e+00
4.645460981901068820e+00
4.650498204188855844e+00
4.654305220119606012e+00
4.657743253253390669e+00
4.662347843858505314e+00
4.665462450170355879e+00
4.666752343630468758e+00
4.668856194157108952e+00
4.671320323138480113e+00
4.674014226713198106e+00
4.675995809729966091e+00
4.678652432746621237e+00
4.680181743742300782e+00
4.681723016259032200e+00
4.683249846596790000e+00
4.684451293767491364e+00
4.684991351534876891e+00
4.686529097542218025e+00
4.687452538716451400e+00
4.688229818555854855e+00
4.689675987518348244e+00
4.690551590266950122e+00
4.691476561001427292e+00
4.692129648899899586e+00
4.692706167044949694e+00
4.693437814740806679e+00
4.694478167603363339e+00
4.694616256808899379e+00
4.695248708277193650e+00
4.695766232816275476e+00
4.695795855035841626e+00
4.695967919147570946e+00
