0.000000000000000000e+00
2.099455503600001549e+00
2.467473399899999364e+00
2.537125457600005518e+00
2.480985355100003176e+00
2.493648177499991903e+00
2.458642225599998454e+00
2.479316486400009012e+00
2.508982630399991365e+00
2.542926489599995676e+00
2.584486495600000211e+00
2.661954863599998333e+00
2.703217887600001035e+00
2.800453657599998536e+00
2.914393371100000962e+00
2.942300774400001373e+00
2.959597623900004137e+00
2.994023110000004095e+00
3.033191631600002935e+00
3.071727439600000054e+00
3.114008953599999074e+00
3.128346755900004439e+00
3.178784307899997330e+00
3.227696443099995705e+00
3.249118715100001609e+00
3.279770709999997536e+00
3.298837843100002942e+00
3.335978492399997108e+00
3.360764697600000517e+00
3.385178987099994430e+00
3.408027477500001012e+00
3.443783099899999200e+00
3.478054819099998696e+00
3.490192275099996522e+00
3.495342511599998758e+00
3.517528380400003485e+00
3.543599897500000040e+00
3.573457590000000295e+00
3.592083959100001778e+00
3.600578617599994757e+00
3.608529471899998953e+00
3.629403995099995228e+00
3.649473211099996561e+00
3.673567025600002367e+00
3.691707279599995672e+00
3.705911391099999008e+00
3.719712684400001024e+00
3.733151003899999765e+00
3.761500751900001660e+00
3.772126677499995751e+00
3.783487279599999198e+00
3.792423659100002453e+00
3.802975295599999583e+00
3.814563437499993270e+00
3.823889407899999426e+00
3.832227500400003706e+00
3.839230718399999631e+00
3.840649749999997198e+00
3.853228499099998317e+00
3.853924625599999487e+00
3.856275931899993736e+00
3.858543989999999368e+00
3.856760415600000158e+00
3.861167057599999453e+00
3.868914207599996047e+00
3.873324027900000743e+00
3.881380875100003180e+00
3.885884177499999481e+00
3.893959279599997103e+00
3.899670732400002393e+00
3.897430630400004148e+00
3.908852697499998641e+00
3.918341660399997650e+00
3.927158983899996514e+00
3.926674789999999859e+00
3.928611909999997209e+00
