1.000000000000000000e+00
7.629749999999999588e-01
6.491916666666667224e-01
5.777416666666665979e-01
5.505833333333334245e-01
5.142666666666667608e-01
4.871499999999999164e-01
4.536083333333334466e-01
4.222333333333334604e-01
4.104333333333332612e-01
3.977999999999999869e-01
3.802833333333333066e-01
3.713750000000000107e-01
3.542333333333333445e-01
3.377083333333333326e-01
3.335750000000000104e-01
3.258166666666666988e-01
3.170416666666666661e-01
3.046166666666667577e-01
2.985749999999999793e-01
2.901166666666666338e-01
2.827583333333332782e-01
2.767499999999999960e-01
2.676083333333333369e-01
2.591416666666667701e-01
2.541333333333333222e-01
2.508833333333332916e-01
2.454666666666666108e-01
2.406166666666666731e-01
2.368916666666666393e-01
2.319999999999999840e-01
2.281500000000000750e-01
2.250333333333333075e-01
2.225416666666666377e-01
2.205250000000000543e-01
2.159333333333333105e-01
2.112750000000000183e-01
2.080666666666667053e-01
2.058666666666666423e-01
2.036083333333333634e-01
2.005916666666667236e-01
1.975583333333333635e-01
1.942666666666666153e-01
1.923583333333333811e-01
1.907750000000000279e-01
1.884000000000000119e-01
1.861666666666666747e-01
1.836083333333333456e-01
1.811500000000000332e-01
1.791833333333333611e-01
1.773666666666666725e-01
1.757416666666667127e-01
1.740583333333333149e-01
1.720833333333333659e-01
1.702083333333332948e-01
1.683083333333333653e-01
1.665166666666667294e-01
1.647249999999999825e-01
1.627333333333333132e-01
1.611583333333333479e-01
1.598416666666666597e-01
1.587250000000000050e-01
1.577583333333333060e-01
1.567000000000000337e-01
1.555749999999999911e-01
1.546916666666666718e-01
1.534583333333333355e-01
1.522249999999999992e-01
1.513499999999999845e-01
1.503666666666666485e-01
1.490083333333333260e-01
1.479583333333333306e-01
1.470999999999999808e-01
1.460083333333333233e-01
1.451416666666666411e-01
1.444083333333333330e-01
