0.000000000000000000e+00
1.491234230720726917e+00
2.117847967812304333e+00
2.436059332464555194e+00
2.631617883347818321e+00
2.809630195694602151e+00
3.017711833863479409e+00
3.210969193007753297e+00
3.358159890853727791e+00
3.462134832279495367e+00
3.579892882218937533e+00
3.651576543141178632e+00
3.713499424071716959e+00
3.804755395381931748e+00
3.889396296022873400e+00
3.948609955161932472e+00
3.994623278468644845e+00
4.049581489583834681e+00
4.098984591805295175e+00
4.143967731792662867e+00
4.190710625129183242e+00
4.226572499114200632e+00
4.266614257362596696e+00
4.302360217633963479e+00
4.330377580079081135e+00
4.360479708236184138e+00
4.386135370321049720e+00
4.408583982765126308e+00
4.437288854753287382e+00
4.457749369079633261e+00
4.472509211505172999e+00
4.494887896490960877e+00
4.513567360087842317e+00
4.529913808284424803e+00
4.548179124323380229e+00
4.566638002335172253e+00
4.580999715588418120e+00
4.592469214749387518e+00
4.607745574897657015e+00
4.622625189683391866e+00
4.636141266480030332e+00
4.646011341223759139e+00
4.654608770498459336e+00
4.666122007981656772e+00
4.676360286776255037e+00
4.689386716247168074e+00
4.700485958571007927e+00
4.703467365689965263e+00
4.717113239981802764e+00
4.727407926214785228e+00
4.734459750576158754e+00
4.740715618171637225e+00
4.750161666115082504e+00
4.763428907646235722e+00
4.768144618886900332e+00
4.773705333967034115e+00
4.780132205500127185e+00
4.787809966793517447e+00
4.795760489222459455e+00
4.802763600730587612e+00
4.807153098760894139e+00
4.811835301592217284e+00
4.816865637893769758e+00
4.822207115727765725e+00
4.828878500367514093e+00
4.832124437650791471e+00
4.836318333782145373e+00
4.840431176959481441e+00
4.843892294515106833e+00
4.851318956452605136e+00
4.854875475357338210e+00
4.859064493272805763e+00
4.861827567270880834e+00
4.865032033541010215e+00
4.869599478846587282e+00
4.876324326786093621e+00
4.879627885056295966e+00
4.881484370618844437e+00
4.883155994091954000e+00
4.886941659242599378e+00
4.890642624039679198e+00
4.892349547057791348e+00
4.893857179714769856e+00
4.896908879011998117e+00
4.900663509557404041e+00
4.902311130572538644e+00
4.903377467937827916e+00
4.907030499551012781e+00
4.909461459754166590e+00
4.910930409137232111e+00
4.912883667604174498e+00
4.914350666481866803e+00
4.915306669012957208e+00
4.917954873793339843e+00
4.919665173950575898e+00
4.921134577287363143e+00
4.923030902444708090e+00
4.924891051861018276e+00
4.926001589692233118e+00
4.927242633981656184e+00
4.929337658466220518e+00
4.929622738665837112e+00
4.929961453662600412e+00
4.931958607805126960e+00
4.933941055748908511e+00
4.934388049166932078e+00
4.934631142856388486e+00
4.936456449601411833e+00
4.937962256312747655e+00
4.938939485268060814e+00
4.939765049930777252e+00
4.941003948538936541e+00
4.942983205050719420e+00
4.943778087465070747e+00
4.944599547806712181e+00
4.945718910910019694e+00
4.947829823218651946e+00
4.948173810240678705e+00
4.948051106769745466e+00
4.950048414772328265e+00
4.951208944063228756e+00
4.951357186422968404e+00
4.951023029598751179e+00
4.953494317193918306e+00
4.955547047077110356e+00
4.954683692505121861e+00
4.955437409919729141e+00
4.957777530064594984e+00
4.959332426041558328e+00
4.959138702303010682e+00
4.959742259286538335e+00
4.961169998611492993e+00
