0.000000000000000000e+00
2.075994431600001633e+00
2.389977503899995526e+00
2.244837087600000558e+00
2.261603989999995790e+00
2.424068935900002941e+00
2.517309510000002248e+00
2.603691929600001842e+00
2.684512427100003151e+00
2.677540927900000867e+00
2.786794937499998071e+00
2.784510220399999625e+00
2.815421815100002334e+00
2.832956099100002234e+00
2.851687597500001559e+00
2.886736383600002398e+00
2.947796119900001344e+00
2.924200411899997576e+00
2.919605196400002711e+00
2.929466993600000180e+00
3.077941495100002811e+00
3.043672767599998608e+00
3.023163839100002193e+00
3.037227551099999090e+00
3.058125791900000223e+00
3.073032843099998246e+00
3.113644437499997863e+00
3.093516310000001823e+00
3.103292451100001514e+00
3.138120945599998990e+00
3.148475110400001498e+00
3.158251580399999980e+00
3.198438105600001080e+00
3.204514086399999684e+00
3.178934327099995016e+00
3.216132160000000795e+00
3.250223471600000025e+00
3.244249190000005001e+00
3.255888188399998384e+00
3.262070918399995634e+00
3.280569859099999874e+00
3.299241995900002777e+00
3.292491119900001095e+00
3.311775563099995878e+00
3.313950163100001234e+00
3.334880777499995119e+00
3.357095129600002892e+00
3.354249303900003198e+00
3.350058891900005165e+00
3.344914437500001725e+00
3.368861699899998285e+00
3.391222406399998945e+00
3.398673327899999208e+00
3.402333804400001327e+00
3.395083059899997480e+00
3.418113169599999779e+00
3.446548943099998041e+00
3.453950999999999993e+00
3.449277439999999473e+00
3.455956639999996582e+00
3.472611990000000759e+00
3.481488601600004174e+00
3.486853039600001480e+00
3.491044092399997467e+00
3.504997583099997982e+00
3.512650086400000760e+00
3.522650543600002848e+00
3.523426492400000498e+00
3.533160183899999751e+00
3.540042577499999510e+00
3.539899823899999021e+00
3.538004889600001590e+00
3.550731193599999003e+00
3.550986783599999086e+00
3.548228348399996790e+00
3.556321964400000368e+00
3.564487851099999105e+00
3.574677077500002298e+00
3.573493989999997567e+00
3.578583372400000684e+00
3.586097615900001756e+00
3.580920000000000769e+00
3.581252995899998126e+00
3.595090095600001590e+00
3.600067197499996041e+00
3.592949439999998162e+00
3.589004407099995575e+00
3.600145273600002582e+00
3.609424859900000726e+00
3.613676667900003636e+00
3.611345177599996958e+00
3.606928555100003209e+00
3.622788677500000887e+00
3.626862462400001874e+00
3.628106551900001975e+00
3.631551000000001750e+00
3.636366009599997895e+00
3.636862297499998675e+00
3.648575000000001012e+00
3.656682364399998164e+00
3.654433891099998277e+00
3.651152355900004309e+00
3.657046897499999005e+00
3.657776391100002300e+00
3.661283995899998089e+00
3.667260446399998486e+00
3.665915631600000779e+00
3.667081401599995516e+00
3.673269589999994977e+00
3.675858630400000493e+00
3.679692235899999275e+00
3.687942252399999177e+00
3.688442839999998668e+00
3.689725097499998441e+00
3.695742309999999975e+00
3.703746015600001940e+00
3.707227111099994588e+00
3.708343651899999927e+00
3.708912579899998008e+00
3.710873377500000458e+00
3.712730839899997193e+00
3.715983487600000856e+00
3.714171477499997209e+00
3.717121337600003628e+00
3.720837275899999241e+00
3.718428166400002510e+00
3.723070758400000457e+00
3.729006359999997855e+00
3.732327151599998061e+00
3.732418361600004175e+00
3.733409327600002214e+00
3.736319998400002618e+00
