1.000000000000000000e+00
9.255333333333336521e-01
8.923583333333332535e-01
8.940000000000002389e-01
8.870416666666667282e-01
8.725083333333332192e-01
8.651749999999999163e-01
8.480416666666664716e-01
8.455916666666668524e-01
8.373916666666666453e-01
8.333000000000000407e-01
8.334083333333334176e-01
8.294500000000000206e-01
8.249333333333334073e-01
8.199166666666667380e-01
8.164916666666667266e-01
8.129666666666665042e-01
8.115166666666668860e-01
8.073999999999998956e-01
7.996000000000001995e-01
7.948750000000001092e-01
7.943583333333333885e-01
7.916000000000001924e-01
7.868416666666665504e-01
7.847833333333332773e-01
7.788500000000001533e-01
7.778916666666665369e-01
7.775416666666665755e-01
7.743083333333332652e-01
7.702416666666666023e-01
7.689416666666666345e-01
7.661083333333332801e-01
7.640583333333333949e-01
7.642999999999999794e-01
7.625250000000001194e-01
7.598916666666669650e-01
7.588416666666667476e-01
7.585916666666666641e-01
7.574999999999999512e-01
7.571833333333333194e-01
7.560000000000002274e-01
7.546583333333333199e-01
7.536666666666663739e-01
7.529000000000002357e-01
7.519916666666666138e-01
7.502833333333330801e-01
7.490749999999998243e-01
7.486166666666665970e-01
7.475583333333332137e-01
7.461499999999997579e-01
7.449166666666666714e-01
7.446666666666664769e-01
7.439083333333332826e-01
7.424750000000001071e-01
7.423250000000000126e-01
7.418249999999999567e-01
7.407416666666666316e-01
7.404749999999999943e-01
7.400833333333333153e-01
7.395666666666665945e-01
7.391333333333335309e-01
7.385833333333332584e-01
7.387500000000001288e-01
7.385250000000000981e-01
7.377666666666667927e-01
7.375000000000001554e-01
7.368999999999999995e-01
7.361499999999999710e-01
7.359749999999999348e-01
7.351999999999999647e-01
7.345500000000000362e-01
7.336499999999999133e-01
7.330583333333334783e-01
7.327916666666668410e-01
7.324666666666667103e-01
7.317083333333332940e-01
7.314166666666667149e-01
7.311666666666667425e-01
7.310750000000000304e-01
7.308750000000000524e-01
7.307000000000000162e-01
7.302916666666666723e-01
7.301083333333333591e-01
7.298583333333331646e-01
7.297249999999998460e-01
7.296833333333333504e-01
7.296000000000000263e-01
7.291250000000001341e-01
7.288500000000001089e-01
7.287583333333333968e-01
7.286750000000000727e-01
7.286083333333331913e-01
7.283666666666666067e-01
7.277249999999999552e-01
7.273916666666666586e-01
7.273416666666666641e-01
7.270750000000001378e-01
7.267916666666666137e-01
7.264750000000000929e-01
7.261583333333332391e-01
7.258416666666663852e-01
7.257416666666668403e-01
7.258583333333331611e-01
7.257916666666667238e-01
7.254666666666667041e-01
7.252500000000000613e-01
7.252166666666667316e-01
7.252999999999999448e-01
7.250249999999999195e-01
7.247500000000001164e-01
7.245416666666667505e-01
7.242166666666666197e-01
7.239333333333334286e-01
7.239166666666666528e-01
7.237416666666667275e-01
7.232249999999998957e-01
7.228750000000001563e-01
7.229999999999997540e-01
7.230666666666666353e-01
7.227500000000001146e-01
7.224583333333334245e-01
7.223916666666666542e-01
7.223749999999999893e-01
7.221916666666667872e-01
7.218833333333333213e-01
7.217916666666667203e-01
7.216666666666666785e-01
7.213583333333333236e-01
7.211833333333333984e-01
7.210583333333332456e-01
7.208999999999999853e-01
7.207666666666668887e-01
